Teacher ID 	Course ID 	1	2	3	4	5	6	7	8	9	10
20001	130	10001	10036	10004	10007	10019	10016	10010	10003	10022	10048
20002	491	10005	10017	10040	10046	10013	10002	10028	10041	10039
20003	434	10024	10025	10011	10002	10031	10042	10044
20004	303	10028	10001	10018	10023	10006	10027	10034
20005	306	10045	10017	10009	10002	10039	10033	10024	10021	10014
20006	341	10043	10005	10026	10049	10042	10022	10003	10001	10043	10021
20007	202	10018	10035	10046	10038	10010	10013	10008	10047
20008	301	10027	10041	10050	10047	10045	10033	10051	10037
20009	200	10007	10025	10002	10029	10036	10038	10041	10046	10044
20010	304	10030	10015	10007	10001	10035	10019	10016	10050
20011	421	10042	10012	10048	10050	10051	10003	10027	10049	10034	10048
20012	416	10019	10004	10020	10005	10032	10024	10029	10006	10040	10033
20008	132	10009	10030	10035	10036			10001	10038	10037	10032
20010	106	10040	10031	10026	10015	10011	10018	10028	10030	10021	10023
20011	302	10002	10003	10010	10006	10005	10004	10012	10008	10014	10020